1777
7936
9419
25743
1436
4740
849
6687
127
853
857
884
888
892
11212
15243
9242
9243
9244
9245
863
866
868
9185
10498
6328
1129
1131
1133
1169
554
7170
555
556
557
558
560
561
562
563
564
565
566
9075
2412
2413
2414
1381
1383
1385
1387
4675
6914
6889
1931
1935
1925
946
590
1755
2347
1349
1267
8007
8008
8009
8010
8011
8013
19475
19476
19477
19478
19480
7509
19479
7946
3144
23256
23280
23255
23279
23292
10034
23304
23424
23352
23400
23610
23328
23364
3009
10400
10418
10436
10438
10420
10402
10404
10422
9470
10406
10424
3060
1837
10426
10408
10410
10428
3061
10075
10430
10412
10414
10432
10434
10416
6107
6108
6109
4675
6889
6914
3105
1712
4740
1215
5698
4587
2550
1129
2497
892
861
868
9185
9244
3842
10828
3749
3751
3755
1323
1333
4587
1215
5698
3105
4131
11732
1725
1712
2550
3204
1540
1704
1706
1708
1710
1349
1359
1267
1275
1755
2347
946
590
233
1776
1733
1734
10006
10008
303
307
309
313
314
305
311
301
5340
952
5343
5341
5325
1785
10010
12183
12155
12204
12207
12210
12213
12216
12219
12222
15262
2859
2138
6291
3363
6319
1783
2134
3138
6032
3325
12156
6010
249
12153
1635
2132
9978
1937
311
10103
9736
2460
10020
5933
1442
1438
1444
1440
6155
10149
237
1115
10818
3226
1119
6036
5354
6032
5340
5318
5319
5324
5322
5291
5292
5293
5294
5096
5305
5307
5308
5101
5097
5306
5309
5310
5102
5098
5311
4158
13290
4166
4164
4156
4168
4170
7159
7051
4162
233
227
249
251
253
255
257
2998
12172
14854
259
261
263
3000
265
2481
267
269
6693
221
225
223
1975
239
12630
2152
9736
231
12109
10961
1871
2970
11206
10111
9019
11525
6094
4621
241
6049
245
3138
247
6051
6018
5972
9594
12539
6810
2347
8794
1761
8786
1539
8784
8790
8431
8433
8435
8788
960
8778
8780
8782
946
1733
1734
590
2389
22452
22454
22456
199
201
203
205
207
209
211
213
215
217
219
1525
2485
3049
3051
12174
12172
14836
4698
806
807
808
809
810
811
837
839
845
847
851
855
859
863
864
865
866
867
868
869
877
879
880
973
983
1005
1007
1009
1011
1013
1015
1017
1019
1021
1023
1025
1027
1029
1031
1033
1035
1059
1061
1063
1065
1067
1069
1071
1073
1075
1077
1079
1081
1083
1085
1087
1089
1091
1093
1095
1097
1099
1101
1103
1105
1107
1109
1111
1113
1115
1117
1119
1121
1123
25751
25745
25749
25753
25755
1125
1127
1129
1131
1133
1135
1137
1139
1141
1143
1145
1147
1149
1151
1153
1155
1157
1159
1161
1163
1165
1167
1169
1171
1173
1175
1177
1179
1181
1183
1185
1187
1189
1191
1193
1195
1197
1199
1201
1203
1205
1207
1209
1211
1213
1215
1217
1237
1239
1241
1243
1245
1247
1249
1265
1267
1269
1271
1273
1275
1277
1279
1281
1283
1285
1287
1289
1291
1293
1295
1297
1299
1301
1303
1305
1307
1309
1311
1313
1315
1317
1319
1321
1323
1325
1327
1329
1331
1333
1335
1337
1339
1341
1343
1345
1347
1349
1351
1353
1355
1357
1359
1361
1363
1365
1367
1369
1371
1373
1375
1377
1379
1389
1391
1420
1422
1424
1426
1428
1430
1432
1434
1540
1592
1594
1595
1597
1599
1733
1734
1735
1755
1757
1775
1779
1781
1783
1785
1794
1833
1835
1837
1949
1973
3140
4585
4089
4099
4109
4091
4093
4101
4103
4111
4113
4095
4105
4115
4097
4107
4117
6918
6914
6916
6920
6922
6924
1065
1099
1135
12936
2487
2493
2499
12943
2489
2495
2501
12950
2491
2497
2503
12957
21626
843
841
839
845
847
849
851
853
855
857
859
861
863
864
865
866
867
868
869
879
880
881
882
883
884
885
886
887
888
889
890
891
892
893
559
5574
5575
5576
9672
9674
9676
9678
6623
6617
6625
6627
6619
6633
2460
2462
2464
2466
2468
2470
2472
2474
2476
8936
8938
4087
11118
11126
21622
571
436
438
1739