//use: NPCid - stabatt(melee att) slashatt(unused) crushatt(unused) magicatt rangeatt stabdef slashdef crushdef magicdef rangedef 
//Masuta
25589 - 75 75 75 0 0 50 50 50 65 45
25590 - 75 75 75 0 0 50 50 50 65 45
25591 - 75 75 75 0 0 50 50 50 65 45
//Sophanem NPC
//Corrupted scorpion
24592 - 150 150 150 150 150 150 150 150 150 150
//Corrupted scarab
24593 - 150 150 150 150 150 150 150 150 150 150
//Corrupted lizard
24594 - 155 155 155 155 155 155 155 155 155 155
//Corrupted dust devil
24595 - 175 175 175 175 175 175 175 175 175 175
//Corrupted kalphite guardian
24596 - 175 175 175 175 175 175 175 175 175 175
//Corrupted kalphite marauder
24597 - 175 175 175 175 175 175 175 175 175 175
//Corrupted worker
24598 - 175 175 175 175 175 175 175 175 175 175
//Salawa akh
24599 - 175 175 175 175 175 175 175 175 175 175
// Feline akh
24600 - 175 175 175 175 175 175 175 175 175 175
//Scarab akh
24601 - 175 175 175 175 175 175 175 175 175 175
//Crocodile akh
24602 - 175 175 175 175 175 175 175 175 175 175
//Gorilla akh
24603 - 175 175 175 175 175 175 175 175 175 175
//Imperial warrior akh
24604 - 200 200 200 200 200 200 200 200 200 200
//Imperial mage akh
24605 - 200 200 200 200 200 200 200 200 200 200
//Imperial ranger akh
24606 - 200 200 200 200 200 200 200 200 200 200
//Elegorn
53 - 231 120 120 234 100 324 325 364 311 430
25695 - 351 300 300 354 350 372 371 385 351 300
//VerakLith
25656 - 600 450 450 500 500 525 525 515 500 550
//Bandos
18506 - 650 650 650 650 650 650 650 650 850 650
//Obsidian Dragon
//1830 - 280 221 221 210 210 278 280 280 75 360
//Magister
24765 - 500 500 500 400 400 400 400 400 700 400
//Yakamura
21349 - 800 800 800 800 800 650 650 650 450 450
21350 - 800 800 800 800 800 450 450 450 450 650
21351 - 800 800 800 800 800 450 450 450 650 450
//airuts
18621 - 550 550 550 0 0 300 300 300 265 245
18622 - 0 0 0 0 550 300 300 300 265 300
//Durzag
21335 - 550 550 550 350 400 400 400 400 400 400
//Tuz
21336 - 550 550 550 550 400 400 400 400 400 400
//Krar
21337 - 575 575 575 575 350 350 350 350 400 400
//Telos
22891 - 800 800 800 800 800 400 400 400 400 400
//Solak
25513 - 800 800 800 800 800 500 500 500 500 500
//Unkown
8335 - 450 450 450 450 450 300 350 350 550 550
19553 - 650 650 650 650 650 300 300 300 1000 1000
19109 - 300 300 300 500 300 300 350 300 300 300
18621 - 550 550 550 0 0 300 300 300 265 245
18622 - 550 550 550 0 0 300 300 300 265 245
18538 - 600 600 600 600 600 600 600 600 600 600
18539 - 600 600 600 600 600 600 600 600 600 600
18540 - 600 600 600 600 600 600 600 600 600 600
18541 - 600 600 600 600 600 600 600 600 600 600
18542 - 600 600 600 600 600 600 600 600 600 600
18543 - 600 600 600 600 600 600 600 600 600 600
18544 - 600 600 600 600 600 600 600 600 600 600
18545 - 600 600 600 600 600 600 600 600 600 600
//party demon
15581 - 800 800 800 700 700 300 300 300 500 250
//sunfreet
15222 - 240 211 211 205 205 258 230 230 250 210
//blink
12878 - 155 0 0 220 0 110 110 110 190 100
6898 - 0 0 0 300 0 70 70 70 70 70
//giant mole
3340 - 80 0 0 0 0 300 300 300 250 300
//Edimmu
20290 - 300 300 300 500 0 50 50 50 50 500
19109 - 350 350 350 600 350 350 350 350 350 350
//Vorago
17182 - 1500 1500 1500 1500 1500 750 1250 900 50 4750
17183 - 1000 1000 1000 1000 1000 750 1250 900 50 4750
17184 - 1000 1000 1000 1000 1000 750 1250 900 50 4750
17185 - 500 500 500 500 500 750 850 600 50 1750
17158 - 100 100 100 100 100 100 100 100 100 100
17159 - 100 100 100 100 100 100 100 100 100 100
17160 - 100 100 100 100 100 100 100 100 100 100
//Kalphite Kings
16697 - 650 650 650 650 650 300 300 300 50 300
16698 - 650 650 650 650 650 300 300 300 50 300
16699 - 650 650 650 650 650 300 300 300 50 300
//Exiled Kalphite Marauder
16706 - 120 120 120 400 200 100 100 100 100 100
//Ascension Legio Bosses
17149 - 0 0 0 250 0 300 300 300 300 100
17150 - 0 0 0 275 0 320 320 320 320 110
17151 - 0 0 0 300 0 340 340 340 340 120
17152 - 0 0 0 325 0 360 360 360 360 130
17153 - 0 0 0 350 0 380 380 380 380 140
17154 - 0 0 0 375 0 400 400 400 400 150
//Rorarius
17144 - 0 0 0 150 0 100 100 100 200 50
//Gladius
17145 - 0 0 0 200 0 150 150 150 250 75
//Capsarius
17146 - 0 0 0 250 0 200 200 200 300 100
//Scutarius
17147 - 0 0 0 350 0 300 300 300 500 150
//Araxxor
19463 - 400 400 400 400 1000 400 400 400 400 400
//Araxxi
19464 - 600 500 500 500 1000 500 500 500 500 400
//Spitting spider - Araxxor's pet
19460 - 0 0 0 200 0 100 100 100 100 200
//chaos elemental
3200 - 400 400 400 900 700 300 350 300 500 500
//Dungeoneering monsters
//Dungeon rat
88 - 10 10 10 0 0 5 5 5 5 5
//Dungeon spider
9382 - 20 20 20 0 0 10 10 10 10 10
//Skeleton
15309 - 30 30 30 0 0 20 20 20 20 20
//Armoured zombie
8164 - 50 50 50 0 0 40 40 40 40 40
//Ghost
10827 - 75 75 75 0 0 80 80 80 80 80
//Earth warrior
10186 - 100 100 100 0 0 100 100 100 75 100
//Icefiend
10217 - 125 125 125 0 0 120 120 120 120 80
7716 - 12 12 12 12 12 12 12 12 12 12
//Ice warrior
10235 - 150 150 150 0 0 150 150 150 90 150
//Ice elemental
10465 - 175 175 175 0 0 175 175 175 100 105
//Skeletal warrior
11984 - 350 350 350 0 0 200 450 450 2000 600
//Skeletal minion
11736 - 200 200 200 0 0 225 225 225 100 340
//Jack-O-Lantern (custom)
15975 - 300 300 300 300 300 50 50 50 50 50
//QueenBlackDragon
//Tortured Soul
15510 - 112 100 100 178 4 175 142 285 235 195
//Rock Crab
1265 - 1 1 1 0 0 20 5 5 5 5
//Giant worm
15464 - 157 100 100 88 4 107 198 124 178 157
//Crystal armour QBD 
15506 - 0 0 0 0 0 10 10 10 200 10
//Hardened carapace armour QBD 
15507 - 0 0 0 0 0 200 200 200 10 200
//Default QBD
15454 - 0 0 0 0 0 100 100 100 100 100
//Dagannoth Kings stabatt(melee att) slashatt(unused) crushatt(unused) magicatt rangeatt stabdef slashdef crushdef magicdef rangedef 
2881 - 400 400 400 0 0 500 500 500 100 500
2882 - 400 400 400 0 0 500 500 500 100 500
2883 - 400 400 400 0 0 500 500 500 100 500
//Wildy wyrm
3334 - 500 500 500 500 500 500 500 500 500 450
//Waterfiend
5361 - 200 200 200 200 350 450 450 40 450 450
//nomads
8528 - 200 0 0 150 0 250 350 350 250 400
8529 - 200 0 0 150 0 250 350 350 250 400
50 - 300 10 10 200 0 250 350 400 350 400
//Void defender
3782 - 0 0 0 0 0 35 35 35 35 35
3784 - 0 0 0 0 0 35 35 35 35 35
3785 - 0 0 0 0 0 35 35 35 35 35
//Glacor
14301 - 200 150 200 150 100 10000 1000 1000 100 800
//Jadinkos
13820 - 150 0 0 100 100 100 100 100 100 100
13821 - 250 0 0 200 200 200 200 200 200 200
13822 - 250 0 0 200 200 200 200 200 200 200
//Dark beast
2783 - 500 500 500 500 100 200 200 200 200 200
//Dungeoneering
10545 - 350 0 0 350 350 450 400 400 100 450
10346 - 100 110 125 350 5 200 200 200 200 200
10597 - 10 11 12 300 300 300 300 300 300 300
10541 - 300 300 300 0 0 400 400 400 0 0
10246 - 200 200 200 0 0 100 100 100 0 0
//reveneants, low def, high att ftw :)
13465 - 10 0 0 8 12 7 7 7 5 8
13466 - 12 0 0 10 15 8 8 8 6 10
13467 - 15 0 0 12 18 10 10 10 7 12
13468 - 18 0 0 15 22 12 12 12 8 15
13469 - 22 0 0 18 27 15 15 15 10 18
13470 - 27 0 0 22 33 18 18 18 12 22
13471 - 33 0 0 27 41 22 22 22 15 27
13472 - 41 0 0 33 51 27 27 27 18 33
13473 - 51 0 0 41 63 33 33 33 22 41
13474 - 63 0 0 51 78 41 41 41 27 51
13475 - 78 0 0 63 97 51 51 51 33 63
13476 - 97 0 0 78 121 63 63 63 41 78
13477 - 121 0 0 97 151 78 78 78 51 97
13478 - 151 0 0 121 188 97 97 97 63 121
13479 - 188 0 0 151 235 121 121 121 78 151
13480 - 235 0 0 188 293 151 151 151 97 188
13481 - 293 0 0 235 366 188 188 188 121 235
//rev end
914 - 0 0 0 85 0 75 75 75 75 75
913 - 0 0 0 85 0 75 75 75 75 75
912 - 0 0 0 85 0 75 75 75 75 75
127 - 75 0 0 0 0 50 50 50 50 50
183 - 50 0 0 0 0 45 40 50 45 45
182 - 50 0 0 0 0 45 40 50 45 45
4400 - 70 0 0 0 0 65 65 60 65 65
119 - 80 0 0 0 0 70 70 70 65 70
117 - 86 0 0 0 0 70 70 58 67 67
78 - 40 0 0 0 0 10 20 20 20 20
//fightkilns
15201 - 80 0 0 0 0 45 47 50 30 70
15202 - 0 0 0 0 140 150 200 200 200 300
15205 - 160 0 0 0 160 135 150 150 80 200
15203 - 160 0 0 80 0 200 200 200 200 200
15213 - 200 0 0 0 0 250 250 250 80 300
15214 - 200 0 0 0 0 250 250 250 80 300
15207 - 400 0 0 320 250 350 350 350 300 400
15206 - 320 0 0 0 0 190 185 185 80 250
15204 - 320 0 0 0 0 150 185 185 80 250
15208 - 2000 2000 2000 2000 2000 1000 1000 1000 150 1000
15211 - 0 0 0 0 0 1000 1000 1000 150 1000
15209 - 200 0 0 0 250 250 250 500 400 550
15210 - 200 0 0 190 0 500 500 500 400 300
2734 - 20 0 0 0 0 20 20 20 50 20
2737 - 40 0 0 0 0 45 47 50 70 70
2738 - 20 0 0 0 0 23 24 25 35 35
2739 - 80 0 0 0 80 135 135 150 150 100
2741 - 160 0 0 0 0 190 185 185 180 125
2743 - 200 0 0 320 250 350 350 350 300 250
3340 - 80 0 0 0 0 300 300 300 250 300
//kalphite queens
1158 - 450 0 0 450 450 450 450 400 400 700
16708 - 450 0 0 450 450 600 600 600 200 550
1160 - 450 0 0 450 450 600 600 600 200 550
//Bork
7133 - 400 0 0 400 400 150 300 300 165 175
7134 - 400 0 0 400 400 150 300 300 165 175
7135 - 100 52 52 100 100 70 75 75 80 82
//jads jad
2745 - 2000 2000 2000 2000 2000 400 500 500 500 400
//Summonnig
6823 - 125 0 0 0 0 200 200 200 150 250
6822 - 125 0 0 0 0 200 200 200 150 250
//Steel titan
7344 - 200 0 0 230 250 350 350 350 300 400
7343 - 200 0 0 230 250 350 350 350 300 400
//Tormented demon
8349 - 450 0 0 450 450 200 350 350 200 250
8350 - 450 0 0 450 450 200 350 350 200 250
8351 - 450 0 0 450 450 200 350 350 200 250
8352 - 450 0 0 450 450 200 350 350 200 250
8353 - 450 0 0 450 450 200 350 350 200 250
8354 - 450 0 0 450 450 200 350 350 200 250
8355 - 450 0 0 450 450 200 350 350 200 250
8356 - 450 0 0 450 450 200 350 350 200 250
8357 - 450 0 0 450 450 200 350 350 200 250
8358 - 450 0 0 450 450 200 350 350 200 250
8359 - 450 0 0 450 450 200 350 350 200 250
8360 - 450 0 0 450 450 200 350 350 200 250
8361 - 450 0 0 450 450 200 350 350 200 250
8362 - 450 0 0 450 450 200 350 350 200 250
8363 - 450 0 0 450 450 200 350 350 200 250
8364 - 450 0 0 450 450 200 350 350 200 250
8365 - 450 0 0 450 450 200 350 350 200 250
8366 - 450 0 0 450 450 200 350 350 200 250
//Pack Yak
6874 - 150 0 0 0 0 250 250 250 100 300
6873 - 150 0 0 0 0 250 250 250 100 300
//Bunyip
6814 - 130 0 0 0 0 200 200 200 100 250
6813 - 130 0 0 0 0 250 250 250 100 250
//Abbysal Titan
7350 - 150 0 0 150 150 250 300 250 200 255
7349 - 150 0 0 150 150 250 300 250 200 255
//Lava Titan
7342 - 180 0 0 150 150 325 325 325 275 370
7341 - 180 0 0 150 150 325 325 325 275 370
//Geyser Titan
7340 - 190 0 0 190 190 325 325 325 325 325
7339 - 190 0 0 190 190 325 325 325 325 325
//Fire Titan
7356 - 185 0 0 150 150 325 325 325 275 370
2355 - 180 0 0 150 150 325 325 325 275 370
//Ice Titan
7360 - 185 0 0 150 150 325 325 325 275 370
7359 - 185 0 0 150 150 325 325 325 275 370
//Moss Titan
7358 - 185 0 0 150 150 325 325 325 275 370
7357 - 185 0 0 150 150 325 325 325 275 370
//Swamp Titan
7330 - 190 0 0 250 225 295 295 295 370 275
7329 - 190 0 0 250 225 295 295 295 370 275
//Iron Titan
7376 - 195 0 0 150 250 350 350 350 280 400
7375 - 195 0 0 150 250 350 350 350 280 400
//Spirit TerrorBird
6795 - 130 0 0 100 170 240 240 240 220 260
6794 - 130 0 0 100 170 240 240 240 220 260
//Frost dragons
51 - 280 221 221 210 210 278 280 280 75 360
//Metal dragons
1590 - 260 201 201 190 190 258 260 260 280 340
1591 - 270 211 211 190 190 258 260 260 280 340
1592 - 280 231 231 190 190 232 260 260 280 340
//Lucien custom boss
14256 - 1000 1000 1000 1000 1000 1000 1000 1000 1000 1000
//DT Bouncer
14483 - 80 0 0 0 0 150 150 150 100 100
//DT Black Knight Titan 
14436 - 80 0 0 0 0 250 250 250 50 300
//evil chicken
3375 - 0 0 0 200 0 300 300 300 300 300
//Delrith
879 - 20 0 0 0 0 30 30 30 30 30
//DT Delrith
14578 - 20 0 0 0 0 30 30 30 30 30
//Elvarg
742 - 121 10 10 170 0 200 215 254 201 320
//DT Elvarg
14548 - 121 10 10 170 0 200 215 254 201 320
8133 - 700 0 0 250 250 600 800 800 800 600
9463 - 200 0 0 150 0 379 398 454 150 387
//Bronze dragon
941 - 221 15 15 224 210 274 275 294 241 330
//Iron dragon
1591 - 341 18 18 244 240 284 295 301 261 350
10776 - 341 18 18 244 240 284 295 301 261 350
10777 - 341 18 18 244 240 284 295 301 261 350
10778 - 341 18 18 244 240 284 295 301 261 350
10779 - 341 18 18 244 240 284 295 301 261 350
10780 - 341 18 18 244 240 284 295 301 261 350
10781 - 341 18 18 244 240 284 295 301 261 350
//Steel dragon
1592 - 361 20 20 264 260 301 312 315 281 370
3590 - 361 20 20 264 260 301 312 315 281 370
//Mithril dragon
5363 - 381 25 25 284 280 312 321 325 301 390
//Adamant dragon
21135 - 451 35 35 354 350 372 371 385 351 458
//Rune dragon
53 - 131 20 20 134 0 224 225 264 211 330
21136 - 551 65 65 454 450 472 471 485 300 300
21137 - 551 65 65 454 450 472 471 485 300 333
21140 - 551 65 65 454 450 472 471 485 300 300
//elite rune dragon
21138 - 551 65 65 454 450 472 471 485 451 558
21139 - 551 65 65 454 450 472 471 485 451 558
21142 - 551 65 65 454 450 472 471 485 451 558
//Green dragon
941 - 121 10 10 124 0 214 215 254 201 320
4677 - 121 10 10 124 0 214 215 254 201 320
4678 - 121 10 10 124 0 214 215 254 201 320
4679 - 121 10 10 124 0 214 215 254 201 320
4680 - 121 10 10 124 0 214 215 254 201 320
10604 - 121 10 10 124 0 214 215 254 201 320
10605 - 121 10 10 124 0 214 215 254 201 320
10606 - 121 10 10 124 0 214 215 254 201 320
10607 - 121 10 10 124 0 214 215 254 201 320
10608 - 121 10 10 124 0 214 215 254 201 320
10609 - 121 10 10 124 0 214 215 254 201 320
//ice spider
64 - 50 0 0 0 0 50 50 50 0 50
//Astea Frostweb
9965 - 70 0 0 120 0 200 200 200 150 0
9966 - 70 0 0 120 0 200 200 200 150 0
9967 - 70 0 0 120 0 200 200 200 150 0
9968 - 70 0 0 120 0 200 200 200 150 0
9969 - 70 0 0 120 0 200 200 200 150 0
9970 - 70 0 0 120 0 200 200 200 150 0
9971 - 70 0 0 120 0 200 200 200 150 0
9972 - 70 0 0 120 0 200 200 200 150 0
9973 - 70 0 0 120 0 200 200 200 150 0
9974 - 70 0 0 120 0 200 200 200 150 0
9975 - 70 0 0 120 0 200 200 200 150 0
9976 - 70 0 0 120 0 200 200 200 150 0
9977 - 70 0 0 120 0 200 200 200 150 0
9978 - 70 0 0 120 0 200 200 200 150 0
9979 - 70 0 0 120 0 200 200 200 150 0
9980 - 70 0 0 120 0 200 200 200 150 0
9981 - 70 0 0 120 0 200 200 200 150 0
9982 - 70 0 0 120 0 200 200 200 150 0
9983 - 70 0 0 120 0 200 200 200 150 0
9984 - 70 0 0 120 0 200 200 200 150 0
9985 - 70 0 0 120 0 200 200 200 150 0
9986 - 70 0 0 120 0 200 200 200 150 0
9987 - 70 0 0 120 0 200 200 200 150 0
9988 - 70 0 0 120 0 200 200 200 150 0
9989 - 70 0 0 120 0 200 200 200 150 0
9990 - 70 0 0 120 0 200 200 200 150 0
9991 - 70 0 0 120 0 200 200 200 150 0
9992 - 100 0 0 150 0 250 250 250 200 0
9993 - 100 0 0 150 0 250 250 250 200 0
9994 - 100 0 0 150 0 250 250 250 200 0
9995 - 140 0 0 200 0 300 300 300 250 0
9996 - 140 0 0 200 0 300 300 300 250 0
9997 - 140 0 0 200 0 300 300 300 250 0
9998 - 140 0 0 200 0 300 300 300 250 0
9999 - 140 0 0 200 0 300 300 300 250 0
10000 - 140 0 0 200 0 300 300 300 250 0
10001 - 140 0 0 200 0 300 300 300 250 0
10002 - 160 0 0 240 0 325 325 325 275 0
10003 - 160 0 0 240 0 325 325 325 275 0
10004 - 160 0 0 240 0 325 325 325 275 0
10005 - 160 0 0 240 0 325 325 325 275 0
10006 - 160 0 0 240 0 325 325 325 275 0
10007 - 160 0 0 240 0 325 325 325 275 0
10008 - 160 0 0 240 0 325 325 325 275 0
10009 - 160 0 0 240 0 325 325 325 275 0
10010 - 180 0 0 260 0 400 400 400 350 0
10011 - 180 0 0 260 0 400 400 400 350 0
10012 - 180 0 0 260 0 400 400 400 350 0
10013 - 180 0 0 260 0 400 400 400 350 0
10014 - 180 0 0 260 0 400 400 400 350 0
10015 - 180 0 0 260 0 400 400 400 350 0
10016 - 200 0 0 300 0 500 500 500 425 0
10017 - 200 0 0 300 0 500 500 500 425 0
10018 - 200 0 0 300 0 500 500 500 425 0
10019 - 200 0 0 300 0 500 500 500 425 0
10020 - 200 0 0 300 0 500 500 500 425 0
10021 - 200 0 0 300 0 500 500 500 425 0
//Gluttonous behemoth
9948 - 70 70 70 70 70 80 100 80 100 100
9949 - 70 70 70 70 70 80 100 80 100 100
9950 - 70 70 70 70 70 80 100 80 100 100
9951 - 70 70 70 70 70 80 100 80 100 100
9952 - 70 70 70 70 70 80 100 80 100 100
9953 - 70 70 70 70 70 80 100 80 100 100
9954 - 150 150 150 150 150 150 200 150 200 200
9955 - 150 150 150 150 150 100 125 100 125 125
9956 - 200 200 200 200 200 200 250 200 250 250
9957 - 200 200 200 200 200 200 250 200 250 250
9958 - 200 200 200 200 200 200 250 200 250 250
9959 - 200 200 200 200 200 200 250 200 250 250
9960 - 200 200 200 200 200 200 250 200 250 250
9961 - 200 200 200 200 200 200 250 200 250 250
9962 - 300 300 300 300 300 300 400 300 400 400
9963 - 400 400 400 400 400 350 480 350 480 480
9964 - 500 500 500 500 500 400 500 400 500 500
//godwars zamorak
6203 - 750 750 750 750 750 500 350 500 300 600
6204 - 450 450 450 450 450 300 300 300 200 200
6206 - 150 150 150 150 300 300 300 300 200 200
6208 - 150 150 150 150 150 300 300 300 200 200
//godwars armadyl
6222 - 650 650 650 650 650 300 0 0 500 300
6223 - 150 150 150 150 150 300 300 300 200 200
6225 - 600 600 600 600 300 100 300 300 200 200
6227 - 300 300 300 300 300 100 300 300 200 200
//bandos godwars
6260 - 650 650 650 650 350 500 350 500 300 600
6261 - 150 150 150 150 250 100 300 300 200 350
6263 - 150 150 150 150 150 300 300 300 200 300
6265 - 150 150 150 150 150 300 250 300 250 350
//sara godwars
6247 - 600 600 600 600 600 500 500 350 300 600
6248 - 150 150 150 150 150 300 300 300 200 350
6250 - 150 150 150 150 150 300 300 300 200 300
6252 - 150 150 150 150 200 300 250 300 250 350
//zaros godwars
24004 - 650 350 350 350 650 600 600 600 300 500
13447 - 600 300 300 300 450 400 400 400 400 400
13448 - 600 300 300 300 450 400 400 400 400 400
13449 - 600 300 300 300 450 400 400 400 400 400
13450 - 600 300 300 300 450 400 400 400 400 400
//stabatt(melee att) slashatt(unused) crushatt(unused) magicatt rangeatt stabdef slashdef crushdef magicdef rangedef
//Nex's minions
24010 - 50 50 50 50 50 50 50 50 50 50
24011 - 50 50 50 50 50 50 50 50 50 50
24012 - 50 50 50 50 50 50 50 50 50 50
24013 - 50 50 50 50 50 50 50 50 50 50
13451 - 10 10 10 10 10 10 10 10 10 10
13452 - 10 10 10 10 10 10 10 10 10 10
13453 - 10 10 10 10 10 10 10 10 10 10
13454 - 10 10 10 10 10 10 10 10 10 10
13456 - 176 350 330 0 0 200 200 200 50 250
13457 - 0 0 0 350 200 100 100 50 250 150
13458 - 200 200 200 0 0 100 100 100 100 100
13459 - 0 0 0 350 0 100 50 50 250 100
//ahrim
2025 - 0 0 0 172 0 202 184 216 172 99
//guthan
2027 - 174 0 0 0 0 358 356 340 88 375
//karil
2028 - 0 0 0 0 233 178 170 189 205 199
//torag
2029 - 184 0 0 0 0 361 359 343 88 385
//verac
2030 - 253 0 0 0 0 320 331 321 99 321
//dharok
2026 - 202 0 0 0 0 351 349 333 87 374
//gem dragons
24170 - 280 280 280 400 280 280 280 280 280 280
24171 - 320 320 320 450 320 320 320 320 320 320
24172 - 400 400 400 500 400 400 400 400 400 400
//Wyvern
21812 - 500 500 500 500 500 500 500 500 500 500
21992 - 500 500 500 500 500 500 500 500 500 500
//Ripperdemon
21994 - 500 500 500 500 500 500 500 500 500 500
//Acheron Mammoth
22007 - 500 500 500 500 500 500 500 500 500 500
//Gregorovic
22443 - 350 350 350 600 350 350 350 350 350 350
